(5.0, 6.0, 4.0, 6.0, 4.0) : 4.0000000000071285
(4.0, 7.0, 5.0, 8.0, 3.0) : 3.0958879351772643
(8.0, 1.0, 3.0, 10.0, 2.0) : 1.0000000000847713
(3.0, 4.0, 6.0, 5.0, 6.0) : 5.513968426596204
(9.0, 7.0, 3.0, 2.0, 4.0) : 5.000000000009234
(10.0, 9.0, 5.0, 10.0, 4.0) : 5.967914345506218
(9.0, 2.0, 7.0, 6.0, 5.0) : 7.99999999999213
(6.0, 7.0, 4.0, 1.0, 6.0) : 2.0000000000221823
(10.0, 8.0, 10.0, 1.0, 9.0) : 7.9999999999513705
(7.0, 5.0, 7.0, 9.0, 9.0) : 5.5139684265962
(3.0, 6.0, 6.0, 5.0, 4.0) : 4.1149112060368145
(9.0, 9.0, 5.0, 10.0, 10.0) : 7.074939295376796
(1.0, 8.0, 9.0, 5.0, 9.0) : 3.0
(6.0, 7.0, 7.0, 9.0, 5.0) : 7.999999999988264
(6.0, 8.0, 2.0, 9.0, 3.0) : 2.0000000000261258
(9.0, 1.0, 1.0, 6.0, 5.0) : 5.000000000007579
(1.0, 10.0, 3.0, 5.0, 9.0) : 0.9999999999999999
(4.0, 9.0, 8.0, 10.0, 4.0) : 5.146821470998443
(3.0, 6.0, 6.0, 5.0, 8.0) : 9.999999999992523
(6.0, 2.0, 3.0, 9.0, 3.0) : 5.000000000031265
(2.0, 6.0, 4.0, 2.0, 3.0) : 3.0958879351933217
(9.0, 10.0, 7.0, 1.0, 8.0) : 7.999999999977541
(3.0, 9.0, 3.0, 10.0, 7.0) : 1.000000000080855
(9.0, 2.0, 9.0, 1.0, 8.0) : 6.51938560861713
(5.0, 3.0, 1.0, 6.0, 7.0) : 5.513968426599574
(6.0, 2.0, 9.0, 1.0, 3.0) : 6.51938560863329
(8.0, 9.0, 10.0, 8.0, 7.0) : 7.472971245400719
(9.0, 2.0, 3.0, 10.0, 8.0) : 7.074939295385213
(3.0, 6.0, 6.0, 5.0, 3.0) : 4.114911206046631
(8.0, 7.0, 6.0, 1.0, 4.0) : 7.0000000000354055
(10.0, 10.0, 4.0, 5.0, 6.0) : 6.721224884996448
(8.0, 3.0, 1.0, 3.0, 3.0) : 5.967914345525097
(5.0, 10.0, 4.0, 1.0, 5.0) : 6.7212248850113205
(4.0, 9.0, 5.0, 1.0, 1.0) : 5.146821471017625
(2.0, 1.0, 1.0, 1.0, 1.0) : 1.000000000035129
(6.0, 8.0, 6.0, 8.0, 7.0) : 5.513968426612725
(8.0, 7.0, 9.0, 1.0, 1.0) : 7.472971245419711